# Rovibrational levels of X1Sigma+ of 1H35Cl from http://dx.doi.org/10.1016/j.jqsrt.2014.08.028
# 
# format:
# [J]
# v E(v,J)
# ...
#
[0]
0 1483.880564
1 4369.856906
2 7151.863509
3 9830.657493
4 12406.709649
5 14880.155614
6 17250.746521
7 19517.777458
8 21680.003414
9 23735.516913
[1]
0 1504.758849
1 4390.127189
2 7171.530643
3 9849.725038
4 12425.179642
5 14898.028264
6 17268.019842
7 19534.446811
8 21696.060896
9 23750.950507
[2]
0 1546.502748
1 4430.655244
2 7210.852543
3 9887.847885
4 12462.107486
5 14933.761492
6 17302.554449
7 19567.773475
8 21728.163753
9 23781.805452
[3]
0 1609.086931
1 4491.416060
2 7269.804484
3 9945.001557
4 12517.468902
5 14987.331166
6 17354.326280
7 19617.733371
8 21776.287777
9 23828.057264
